1,601,363
1,602,350
1,614,351
1,613,363
1,493,413
1,498,292
1,711,306
1,707,415
1,496,359
1,496,345
1,603,299
1,617,300
1,709,354
1,708,367
1,612,414
1,599,414
